Freq.	Size	Surface Form	Spanning	First Speaker	Turns
2	2	, i	7	Human 2	3, 9
2	2	i see	5	Human 2	5, 9
2	2	is a	9	Human 2	1, 9
2	2	well ,	5	Human 2	5, 9
5	1	a	11	Human 2	1, 3, 5, 9, 11
4	1	is	11	Human 2	1, 5, 9, 11
3	1	i	7	Human 2	3, 5, 9
3	1	see	7	Human 2	3, 5, 9
2	1	the	9	Human 2	3, 11
2	1	you	3	Human 2	5, 7

